1588005077
1588018517
1588035977
libimage
1588037057
1588064717
1588067837
1588080917
libimage
1588085837
libimage
1588090877
1588093697
libimage
1588098557
1588114577
libimage
1588164257
1588170917
libimage
1588181117
1588194557
1588199057
1588202057
1588205117
1588208177
1588220657
libimage
1588228217
1588231457
libimage
1588232957
1588242017
1588251257
1588271537
1588281017
1588287857
libimage
1588289477
libimage
1588289657
libimage
1588291097
libimage
1588299797
1588303817
libimage
1588316837
1588324577
libimage
1588332377
libimage
1588379777
libimage
1588382897
1588385837
libimage
1588398497
libimage
1588403297
libimage
1588409597
libimage
1588411037
1588412717
libimage
1588464257
libimage
1588494977
1588498157
1588528277
libimage
1588534517
libimage
1588537577
1588542377
1588548917
libimage
1588556717
libimage
1588580357
1588583417
1588583537
libimage
1588602617
libimage
1588616837
1588617017
libimage
1588650377
libimage
1588653317
libimage
1588668977
libimage
1588678937
libimage
1588686437
1588697597
1588714997
libimage
1588718117
libimage
1588724357
1588738277
libimage
1588738697
libimage
1588745057
1588752677
libimage
1588778297
1588781477
libimage
1588787597
1588789157
1588790836
libimage
1588798517
1588803257
1588803677
libimage
1588804817
1588811717
libimage
1588830257
1588831817
1588834157
libimage
1588835777
libimage
1588853837
1588856597
libimage
1588868117
1588873937
1588879037
libimage
1588886177
1588917557
1588918577
libimage
1588928117
1589051597
1589119876
1589151137
1589165837
1589171897
1589176277
1589177657
1589182097
1589188096
1589226917
1589277077
1589295257
1589296337
1589306596
1589337737
1589349917
1589405957
1589424437
1589433017
1589438957
1589449157
1589469017
1589472797
1589517377
