1588006507
1588042327
libimage
1588064707
1588069387
1588072447
1588077487
1588081627
1588083127
1588086247
1588093747
1588106347
1588121767
1588126207
1588131007
libimage
1588136827
1588153687
1588173487
1588203607
1588225087
1588234507
1588238287
libimage
1588246567
1588246807
libimage
1588257367
libimage
1588263727
1588268527
libimage
1588270207
libimage
1588282687
libimage
1588284247
libimage
1588296667
1588300627
libimage
1588311847
libimage
1588312447
libimage
1588323007
libimage
1588326067
1588347907
1588366627
libimage
