1588032970
libimage
1588040170
1588049410
1588051330
1588074790
libimage
1588076110
libimage
1588103230
1588103470
libimage
1588110970
1588147030
libimage
1588156450
libimage
1588158310
1588167670
libimage
1588229770
1588233010
libimage
1588238290
libimage
1588244290
libimage
1588259230
1588271650
libimage
1588273150
1588274770
1588284250
libimage
1588288870
1588302910
1588329130
1588333870
1588345810
libimage
1588373590
libimage
1588379770
1588384330
libimage
1588398370
1588406410
libimage
1588414330
libimage
1588439410
1588439890
1588445710
1588460830
libimage
1588468090
1588472050
libimage
1588482430
libimage
1588482490
libimage
1588487050
1588493110
libimage
1588493650
libimage
1588503250
libimage
1588529590
1588532890
libimage
1588535950
1588544049
libimage
1588555090
1588558270
1588558630
libimage
1588571050
libimage
1588590790
libimage
1588591390
libimage
1588596250
libimage
1588612150
libimage
1588613710
1588613770
libimage
1588629310
libimage
1588629790
libimage
1588643950
libimage
1588645390
libimage
1588645569
1588650009
1588662730
libimage
1588675390
libimage
1588678750
libimage
1588681690
1588692910
1588698010
libimage
1588722190
libimage
1588735090
1588735150
libimage
1588748350
libimage
1588759210
libimage
1588778409
libimage
1588792330
1588808530
libimage
1588830250
1588839670
1588842789
1588863010
libimage
1588879750
1588894090
1588895590
1588903390
1588914370
1588915990
1588923670
1588937050
1588963690
1588968190
1588980070
1588996390
1589022010
1589036590
1589044090
1589067790
1589079730
1589106490
1589143570
1589162890
1589162950
1589223910
1589231470
1589232970
1589266810
1589284390
1589311570
1589318530
1589321770
1589355550
1589370490
1589380810
1589386990
1589413510
1589413990
1589420950
1589425750
1589450650
1589452510
1589470330
1589472970
1589473570
1589478010
1589486950
