1588013342
libimage
1588023062
libimage
1588036022
1588041722
1588045862
libimage
1588046342
1588056842
libimage
1588057082
1588065002
libimage
1588067702
1588067762
1588075502
1588098662
libimage
1588144502
1588147562
1588155242
1588159742
1588162802
1588167362
1588167422
1588175042
1588180742
libimage
1588194542
1588196102
1588228382
libimage
1588234682
libimage
1588245062
1588249742
1588271522
1588290482
1588305422
libimage
1588307582
1588327622
1588330742
1588332902
libimage
1588352162
libimage
1588386182
1588406402
libimage
1588425422
libimage
1588426862
1588435202
libimage
1588441142
libimage
1588447982
1588454522
libimage
1588466462
