1588005201
1588028001
libimage
1588029501
libimage
1588030821
1588034001
1588042521
libimage
1588043241
1588047321
libimage
1588100061
1588102641
1588124181
libimage
1588133781
1588158081
libimage
1588161261
1588164261
libimage
1588165821
1588171101
libimage
1588171941
1588172001
1588179621
1588185201
libimage
1588218801
1588231401
1588233381
1588235001
1588252881
1588256001
1588259001
libimage
1588284141
1588287321
1588291041
libimage
1588310841
libimage
1588313961
libimage
1588329321
libimage
