1588000644
libimage
1588016964
1588040784
libimage
1588057104
libimage
1588064844
libimage
1588066224
1588071264
libimage
1588090824
libimage
1588090884
1588097244
libimage
1588118604
1588130784
libimage
1588135284
1588135404
libimage
1588147584
1588159464
libimage
1588163064
libimage
1588164324
1588171944
1588211244
1588212864
libimage
1588220664
libimage
1588238364
1588254024
libimage
1588254504
1588256064
1588262244
1588270044
1588296684
1588311924
libimage
1588318464
libimage
1588326024
1588337004
1588340184
1588352724
1588353804
libimage
1588360704
1588361724
libimage
1588363344
libimage
1588364904
libimage
1588379304
libimage
1588382904
1588387704
1588396824
1588401504
1588404744
1588406304
1588427004
libimage
1588434804
libimage
1588445244
libimage
1588464084
libimage
1588465644
libimage
1588467264
libimage
1588488744
libimage
1588501764
libimage
1588510944
1588548744
1588564704
libimage
1588584984
1588599264
1588613244
libimage
1588615344
1588623204
libimage
1588626324
libimage
1588639284
libimage
1588646184
1588648524
1588653204
1588656504
libimage
1588661004
1588662744
libimage
1588672224
libimage
1588688244
libimage
1588689684
libimage
1588702464
libimage
1588705644
1588707744
libimage
1588714884
1588717344
libimage
1588724364
1588728684
libimage
1588736664
libimage
1588738584
1588739904
libimage
1588742724
1588765884
libimage
1588767144
libimage
1588767204
1588768944
libimage
1588773744
1588778424
libimage
1588803684
libimage
1588813284
libimage
1588822944
libimage
1588853844
1588861404
libimage
1588867824
libimage
1588882944
1588889484
1588901004
libimage
1588901904
1588904184
libimage
1588904844
1588912764
1588914384
1588920684
1588940004
1588948944
1588958004
1588962264
1588983204
1589007084
1589023104
1589023164
1589030664
1589035104
1589060484
1589099184
1589150844
1589153904
1589167404
1589205984
1589213544
1589257944
1589262204
1589265144
1589281524
1589290344
1589305344
1589342184
1589358504
1589383704
1589401464
1589412024
