1588002132
1588012692
1588013892
1588020192
1588023012
libimage
1588032432
1588037052
1588066272
1588078512
1588090932
1588096992
1588098852
libimage
1588105272
libimage
1588120152
1588130772
1588173492
1588180572
libimage
1588233192
libimage
1588241292
libimage
1588257672
libimage
1588258992
libimage
1588259172
1588263732
1588268412
1588273212
libimage
1588295112
1588296792
libimage
1588324512
1588329192
1588330812
1588336212
libimage
1588361712
libimage
1588362312
1588384212
libimage
1588388892
libimage
1588396932
1588398492
libimage
1588403232
libimage
1588414212
1588417572
libimage
1588425312
1588426872
1588439532
libimage
1588446792
libimage
1588470792
libimage
1588481892
libimage
1588519092
libimage
1588528032
1588539132
1588539192
1588547112
libimage
1588550292
1588557012
libimage
1588559952
1588563132
libimage
1588567872
libimage
1588569372
1588579572
libimage
1588583532
libimage
1588586712
libimage
1588586772
libimage
1588588212
1588588272
libimage
1588589172
libimage
1588598832
libimage
1588636152
libimage
1588647252
libimage
1588648752
libimage
1588659552
libimage
1588662672
libimage
1588667352
1588667412
libimage
1588673772
libimage
1588681812
libimage
1588683312
1588691352
libimage
1588710372
libimage
1588710912
libimage
1588730292
libimage
1588740372
libimage
1588741932
libimage
1588746732
libimage
1588751352
libimage
1588757472
libimage
1588764012
1588797252
libimage
1588808052
1588841232
1588845372
libimage
1588857012
1588869432
libimage
1588871532
1588876392
1588882272
libimage
1588897212
1588901832
1588920192
libimage
1588943172
1588944492
1588974072
1588992192
1589014272
1589042712
1589046972
1589054472
1589057412
1589090172
1589090352
1589099052
1589122872
1589127192
1589148012
1589161392
1589180712
1589185152
1589196972
1589210412
1589212092
1589237232
1589248872
1589272752
1589280432
1589296452
1589327472
1589349672
1589382912
1589389692
1589391432
1589412192
1589419632
1589422872
1589434512
1589471652
