1588007037
libimage
1588021557
libimage
1588021617
1588024677
libimage
1588032477
1588038597
1588063257
libimage
1588071597
libimage
1588077057
1588104717
1588109876
libimage
1588132257
1588142937
1588149057
1588155057
libimage
1588162737
1588165797
1588168917
1588175037
1588187157
1588206237
libimage
1588214217
libimage
1588219077
libimage
1588220337
1588277937
1588287237
1588291977
1588309317
libimage
1588330797
libimage
1588350537
libimage
1588354257
1588379637
1588381317
1588389297
1588392357
1588396917
libimage
1588426917
1588427217
libimage
1588452237
1588461057
libimage
1588464897
1588468137
1588484037
libimage
1588514097
libimage
1588517457
1588525077
libimage
1588529757
libimage
