1588000768
1588007128
libimage
1588017088
1588019788
1588027768
1588029448
1588031128
libimage
1588035928
libimage
1588047868
1588056988
libimage
1588057108
1588065148
libimage
1588110928
1588118668
1588129228
1588135348
1588149088
1588153708
1588162768
1588169308
libimage
1588181188
1588185448
libimage
1588190068
1588196548
libimage
1588207948
libimage
1588218808
1588225048
1588231588
libimage
1588237528
1588246888
libimage
1588249108
libimage
1588249948
libimage
1588256128
libimage
1588262248
1588268428
1588277848
1588278208
libimage
