1588002110
libimage
1588005230
1588006910
libimage
1588018250
libimage
1588035530
1588038650
1588040150
1588054430
1588058630
1588060310
libimage
1588071410
libimage
1588075430
1588076390
libimage
1588087850
1588097030
1588104770
1588112990
libimage
1588123250
1588129310
1588142029
libimage
1588164470
libimage
1588168850
1588184150
1588188590
1588205090
1588214210
1588220390
1588220450
libimage
1588223510
1588223750
libimage
1588228430
libimage
1588235030
1588246610
1588248110
1588251290
1588252310
libimage
1588252850
1588266830
